15 0.657266 0.249667 0.222969 0.242333
15 0.642484 0.543375 0.225656 0.242333
15 0.619859 0.826771 0.219031 0.245625
15 0.661781 0.032500 0.233312 0.065000
17 0.153516 0.285771 0.036094 0.237042
17 0.341594 0.299417 0.036062 0.237083
17 0.568375 0.029458 0.036062 0.058917
17 0.762922 0.037188 0.036094 0.074375
17 0.558062 0.249625 0.036062 0.237083
15 0.245000 0.285771 0.224187 0.247375
17 0.542594 0.538208 0.036062 0.237083
17 0.738438 0.548542 0.036062 0.237083
17 0.156062 0.574292 0.036062 0.237083
17 0.341594 0.584604 0.036062 0.237042
17 0.159922 0.852604 0.036094 0.237042
17 0.330000 0.847458 0.036063 0.237083
17 0.533578 0.825125 0.036094 0.237083
17 0.716547 0.830271 0.036094 0.237042
17 0.755188 0.244458 0.036063 0.237083
15 0.244406 0.572521 0.223062 0.226625
15 0.244359 0.844875 0.207531 0.231917
