15 0.329578 0.791937 0.144469 0.144458
17 0.271281 0.785021 0.025125 0.126125
17 0.389703 0.790625 0.025156 0.126167
17 0.495656 0.706042 0.028687 0.164583
17 0.599297 0.706875 0.025156 0.166250
17 0.502266 0.531938 0.025156 0.126125
17 0.600484 0.538312 0.025156 0.126125
17 0.509453 0.346708 0.025156 0.126167
17 0.610047 0.346708 0.025156 0.126167
17 0.508266 0.155812 0.025156 0.137458
17 0.618422 0.152604 0.027531 0.153125
17 0.398078 0.183083 0.025156 0.143833
17 0.281266 0.172563 0.026219 0.132375
17 0.278328 0.369062 0.025156 0.126125
17 0.392094 0.372250 0.025125 0.126167
17 0.277125 0.546292 0.025125 0.097417
17 0.384906 0.549500 0.025125 0.097417
17 0.272344 0.659687 0.025125 0.097375
17 0.386109 0.666063 0.025156 0.097375
15 0.337516 0.179417 0.144469 0.144500
15 0.332953 0.373583 0.144469 0.144500
15 0.328453 0.551875 0.144469 0.103750
15 0.326172 0.658750 0.144469 0.100833
15 0.548547 0.705438 0.144469 0.179125
15 0.556516 0.534667 0.140094 0.126500
15 0.560906 0.351687 0.126312 0.130792
15 0.563203 0.156896 0.144469 0.144458
