27 0.534109 0.813750 0.045719 0.210000
27 0.717953 0.830958 0.045719 0.210000
27 0.144469 0.280458 0.052938 0.233250
27 0.551234 0.244625 0.051844 0.233250
27 0.750922 0.263479 0.051844 0.244458
27 0.151750 0.571104 0.035875 0.236125
27 0.337500 0.560625 0.049375 0.197083
27 0.543281 0.540146 0.049375 0.221375
27 0.733797 0.554813 0.051781 0.229625
27 0.154875 0.822771 0.039625 0.193875
27 0.334391 0.833417 0.049344 0.189000
18 0.250109 0.282958 0.261031 0.245750
18 0.649609 0.256854 0.251406 0.260458
18 0.251281 0.567187 0.239063 0.241042
18 0.640953 0.545875 0.251219 0.245750
18 0.251344 0.839000 0.234187 0.227833
18 0.624500 0.825271 0.235375 0.232792
27 0.344266 0.288625 0.062844 0.233250
