21 0.602578 0.409667 0.304031 0.351583
21 0.586953 0.059521 0.333594 0.119042
22 0.465266 0.059208 0.059656 0.118417
22 0.712234 0.064562 0.059656 0.129125
21 0.612328 0.842021 0.304031 0.315958
22 0.488922 0.427667 0.059656 0.339667
22 0.740219 0.833479 0.048000 0.324375
21 0.103547 0.850229 0.207094 0.141792
22 0.736094 0.427042 0.048000 0.330667
21 0.101609 0.493875 0.202969 0.414917
22 0.181078 0.857417 0.048031 0.126250
22 0.178578 0.483792 0.049906 0.395667
22 0.481359 0.849042 0.049906 0.301917
