21 0.107187 0.459167 0.214375 0.276667
21 0.571781 0.076458 0.285500 0.152917
21 0.600172 0.775062 0.313406 0.254875
21 0.588500 0.397771 0.285500 0.196125
22 0.674531 0.070563 0.067625 0.141125
22 0.460062 0.077771 0.067625 0.155542
21 0.094609 0.796792 0.189219 0.221417
22 0.706094 0.403854 0.049688 0.200208
22 0.468578 0.398396 0.052219 0.196708
22 0.198797 0.173229 0.042281 0.130625
22 0.179750 0.448271 0.067625 0.251792
22 0.149188 0.790187 0.067625 0.222875
22 0.468156 0.780542 0.067625 0.251833
22 0.743000 0.779333 0.067625 0.251833
21 0.111719 0.177458 0.223438 0.140750
