21 0.481813 0.491500 0.200750 0.237167
22 0.392188 0.775229 0.038875 0.227042
22 0.570906 0.779354 0.036000 0.230042
22 0.566922 0.504062 0.033906 0.206542
21 0.791969 0.964354 0.149625 0.071292
22 0.741766 0.963125 0.033906 0.073750
22 0.890328 0.715750 0.033906 0.118333
22 0.732422 0.725854 0.042031 0.195792
22 0.858109 0.485417 0.033906 0.118333
22 0.720297 0.481375 0.033906 0.133583
22 0.406203 0.487854 0.033906 0.206542
21 0.800000 0.724083 0.185625 0.175167
21 0.783797 0.491437 0.171156 0.137042
21 0.478125 0.769729 0.223125 0.246792
