22 0.444562 0.285146 0.036937 0.162625
21 0.503266 0.700167 0.180406 0.186250
22 0.448172 0.090125 0.036719 0.130417
22 0.437547 0.505687 0.036656 0.141542
21 0.520859 0.084229 0.185781 0.164292
22 0.580781 0.512000 0.035813 0.182000
22 0.588484 0.293104 0.034156 0.179792
20 0.500016 0.701854 0.170656 0.181958
22 0.437141 0.699396 0.036656 0.141542
22 0.568141 0.700604 0.036656 0.141542
21 0.507188 0.491979 0.184188 0.182042
22 0.593609 0.084146 0.034156 0.168292
21 0.516563 0.285521 0.184188 0.182042
