21 0.533234 0.959167 0.214156 0.081667
22 0.084563 0.802500 0.041750 0.208583
21 0.159688 0.521646 0.235687 0.255625
22 0.255641 0.513833 0.043656 0.243167
22 0.064328 0.511000 0.039094 0.235417
22 0.438297 0.529125 0.037281 0.202417
22 0.261219 0.790958 0.043375 0.204750
22 0.627219 0.511729 0.043375 0.204708
22 0.445562 0.769458 0.043375 0.204750
22 0.620969 0.787333 0.043375 0.204750
22 0.450938 0.963583 0.043375 0.072833
22 0.609312 0.974333 0.043375 0.051333
21 0.171719 0.786250 0.230312 0.203333
21 0.528781 0.517708 0.230312 0.203333
21 0.543109 0.774208 0.230281 0.203333
