21 0.502313 0.707104 0.157375 0.144042
21 0.285297 0.365583 0.148469 0.153500
22 0.563141 0.710896 0.029469 0.144292
22 0.344641 0.365563 0.028219 0.149875
21 0.511719 0.912812 0.157375 0.144042
22 0.450563 0.514500 0.025563 0.131833
22 0.453750 0.716500 0.025562 0.131833
22 0.232594 0.371292 0.025562 0.131833
22 0.229375 0.188917 0.025562 0.131833
22 0.452469 0.150583 0.025563 0.131833
22 0.225563 0.545167 0.025562 0.131833
22 0.224906 0.927000 0.025563 0.131833
22 0.452469 0.913375 0.025563 0.131833
21 0.511281 0.525562 0.157375 0.144042
21 0.506156 0.334646 0.157375 0.144042
21 0.506812 0.161646 0.157375 0.144042
21 0.283719 0.188063 0.157375 0.144042
22 0.452484 0.323563 0.028219 0.149875
22 0.564984 0.531521 0.028219 0.149875
22 0.222641 0.740083 0.029719 0.151417
21 0.283578 0.736104 0.150906 0.142792
21 0.285406 0.926042 0.143937 0.141250
22 0.562547 0.333479 0.027656 0.138625
22 0.342328 0.742000 0.030594 0.137833
22 0.563234 0.147167 0.021156 0.131333
22 0.342953 0.926687 0.029969 0.142708
22 0.342812 0.180333 0.030437 0.143500
22 0.342453 0.553542 0.030281 0.146583
22 0.564328 0.913312 0.027781 0.128625
