21 0.401328 0.506229 0.088531 0.047792
21 0.401328 0.836896 0.088531 0.047792
21 0.397328 0.752437 0.088531 0.047792
21 0.400000 0.676021 0.088562 0.047792
21 0.396000 0.591563 0.088562 0.047792
21 0.401328 0.423563 0.088531 0.047792
21 0.398672 0.331104 0.088531 0.047792
21 0.397609 0.229312 0.088531 0.047792
21 0.396719 0.058646 0.125312 0.100208
22 0.444734 0.063833 0.025531 0.092333
22 0.348453 0.056354 0.025594 0.083958
22 0.432109 0.832062 0.020031 0.050292
22 0.367141 0.833562 0.020031 0.050292
22 0.427609 0.752437 0.020031 0.050292
22 0.363391 0.754458 0.020031 0.050333
22 0.430984 0.676833 0.020031 0.050333
22 0.367141 0.676333 0.020031 0.050333
22 0.429859 0.597708 0.020031 0.050333
22 0.366766 0.593708 0.020031 0.050333
22 0.431547 0.508542 0.020031 0.050333
22 0.365047 0.509708 0.020031 0.050333
22 0.431547 0.427438 0.020031 0.050292
22 0.363750 0.423958 0.020000 0.050333
22 0.432844 0.330667 0.020000 0.050333
22 0.366797 0.319083 0.020031 0.050333
22 0.433266 0.229271 0.020031 0.050292
22 0.367203 0.231938 0.020031 0.050292
