21 0.515641 0.504125 0.341969 0.353750
22 0.107453 0.865437 0.036406 0.094458
22 0.114047 0.554083 0.048844 0.301000
21 0.063813 0.851292 0.127500 0.133333
22 0.657563 0.505208 0.049250 0.342917
22 0.155031 0.201229 0.053938 0.193375
22 0.645984 0.889229 0.053156 0.214208
22 0.392219 0.101229 0.047062 0.196708
22 0.353281 0.878313 0.044313 0.239375
22 0.371016 0.500917 0.044906 0.334417
21 0.092313 0.201333 0.184500 0.197750
21 0.071734 0.561646 0.143219 0.317375
21 0.541406 0.106792 0.349563 0.213583
21 0.504063 0.880625 0.351250 0.238750
22 0.671656 0.098896 0.049250 0.197792
