22 0.062938 0.595062 0.061375 0.342625
22 0.708141 0.094375 0.053094 0.173083
22 0.380406 0.900188 0.047562 0.196208
21 0.048391 0.595854 0.096719 0.375708
22 0.384266 0.094354 0.051281 0.173125
22 0.713813 0.899208 0.054125 0.187083
21 0.544016 0.097958 0.382344 0.195917
21 0.549312 0.508604 0.379000 0.385375
21 0.550547 0.898417 0.392281 0.202750
22 0.387281 0.506688 0.050062 0.362042
22 0.706047 0.507708 0.057031 0.363000
21 0.067156 0.210333 0.134063 0.211667
22 0.107000 0.195083 0.054875 0.178000
