22 0.309625 0.158146 0.050312 0.142625
21 0.475156 0.872417 0.315937 0.255167
22 0.333984 0.506667 0.065781 0.323333
21 0.030234 0.200833 0.060344 0.227833
22 0.613625 0.515417 0.048500 0.336583
22 0.030219 0.205146 0.059812 0.204708
22 0.637219 0.112875 0.056625 0.224417
21 0.476875 0.118792 0.385125 0.237583
22 0.048281 0.585187 0.074063 0.298792
22 0.072641 0.845896 0.052844 0.128292
22 0.349594 0.866917 0.054562 0.266167
22 0.606344 0.870479 0.054562 0.259042
21 0.470141 0.513979 0.337219 0.332042
