22 0.458578 0.911104 0.040219 0.115042
22 0.551531 0.696813 0.032437 0.151625
22 0.332562 0.727250 0.035625 0.151667
22 0.673703 0.119688 0.031094 0.149625
22 0.331094 0.341396 0.030500 0.149792
22 0.672672 0.308875 0.031281 0.153750
22 0.333234 0.537542 0.033594 0.151417
22 0.676500 0.884854 0.045875 0.126875
22 0.463578 0.159937 0.047781 0.148042
22 0.670703 0.501458 0.030219 0.152000
22 0.449219 0.542729 0.033437 0.149042
22 0.323328 0.912688 0.035469 0.122458
22 0.549547 0.511583 0.036156 0.155750
21 0.390953 0.342958 0.158344 0.168667
22 0.345781 0.165063 0.039688 0.115708
21 0.610891 0.118208 0.164094 0.163083
21 0.612453 0.692229 0.158281 0.168458
22 0.448313 0.731438 0.031875 0.149625
21 0.610781 0.308292 0.160875 0.164583
21 0.608531 0.503729 0.159438 0.160542
21 0.389266 0.728354 0.153406 0.167458
21 0.612625 0.887375 0.171500 0.145833
21 0.390391 0.911229 0.167594 0.140042
21 0.389937 0.538958 0.154562 0.164167
22 0.546984 0.311729 0.033031 0.149292
21 0.405266 0.158583 0.170406 0.152250
22 0.549172 0.126208 0.035781 0.142833
22 0.671219 0.688875 0.032437 0.149250
22 0.550422 0.898292 0.038906 0.105083
