21 0.101719 0.809271 0.203437 0.192708
22 0.626828 0.455979 0.047906 0.260375
22 0.640625 0.807125 0.053625 0.208417
21 0.533328 0.818937 0.283031 0.215375
22 0.014844 0.511979 0.029687 0.181042
22 0.203234 0.506667 0.031344 0.180000
21 0.534438 0.463958 0.254875 0.239583
21 0.523656 0.131083 0.249562 0.237000
21 0.144687 0.232687 0.203437 0.192708
21 0.122156 0.516229 0.203437 0.192708
22 0.182516 0.808813 0.031344 0.183458
22 0.063578 0.256708 0.031344 0.235167
22 0.240672 0.237500 0.037594 0.235167
22 0.628969 0.130542 0.033937 0.235167
22 0.423500 0.148583 0.057625 0.235167
22 0.425437 0.464542 0.046500 0.235167
22 0.406984 0.799917 0.031344 0.235167
