22 0.390188 0.523354 0.047688 0.355792
22 0.393703 0.102813 0.058594 0.205625
21 0.064422 0.191854 0.128656 0.186208
21 0.050156 0.605021 0.099687 0.410875
22 0.096016 0.187354 0.058406 0.168208
21 0.541969 0.896021 0.353000 0.206542
21 0.538781 0.533687 0.349375 0.359458
22 0.065906 0.613458 0.056375 0.385250
21 0.557094 0.121708 0.395000 0.243417
22 0.685266 0.531458 0.048781 0.344917
22 0.991844 0.654125 0.016313 0.419750
22 0.694781 0.930750 0.040000 0.137583
22 0.395672 0.896958 0.048031 0.189500
22 0.693531 0.122688 0.057375 0.242458
