21 0.420953 0.086458 0.127531 0.147750
22 0.572844 0.733125 0.024563 0.120000
22 0.573719 0.053542 0.024563 0.107083
22 0.685594 0.241542 0.024562 0.120000
22 0.576406 0.245125 0.024562 0.120000
22 0.686469 0.725958 0.024562 0.120000
21 0.412109 0.431188 0.138969 0.133042
22 0.354687 0.587042 0.029750 0.123333
22 0.680828 0.407021 0.030344 0.108125
22 0.468328 0.907750 0.029156 0.123750
22 0.564922 0.573813 0.041906 0.099375
22 0.356156 0.430167 0.025250 0.113333
22 0.466391 0.589646 0.025719 0.119375
22 0.465734 0.089208 0.032344 0.135000
21 0.628547 0.723000 0.143469 0.123917
21 0.626563 0.890937 0.149938 0.130042
22 0.464734 0.430229 0.028594 0.121375
21 0.409391 0.583063 0.141219 0.131792
21 0.411953 0.903667 0.154094 0.146250
21 0.629078 0.408208 0.138719 0.117417
22 0.465969 0.747792 0.029750 0.126417
21 0.623641 0.571229 0.152031 0.121958
21 0.409125 0.750104 0.142813 0.142625
22 0.466094 0.269875 0.024563 0.120000
22 0.356250 0.895125 0.035125 0.116333
22 0.358078 0.751792 0.032156 0.130667
22 0.352688 0.084042 0.024562 0.120000
22 0.359844 0.271375 0.024562 0.120000
21 0.624734 0.241542 0.127531 0.147750
21 0.631062 0.058125 0.136625 0.116250
21 0.409078 0.278542 0.127531 0.147750
22 0.581781 0.400250 0.024562 0.120000
22 0.685594 0.573250 0.024562 0.120000
22 0.569250 0.891833 0.024563 0.120000
22 0.687375 0.890625 0.024562 0.120000
22 0.689516 0.060771 0.026094 0.118958
