21 0.082109 0.301167 0.164219 0.351583
22 0.639922 0.550604 0.043906 0.214042
22 0.426250 0.869958 0.073625 0.255917
22 0.647484 0.829812 0.043906 0.214042
22 0.146875 0.695250 0.084375 0.327000
22 0.098687 0.282479 0.105125 0.361708
21 0.509609 0.140563 0.304031 0.281125
21 0.523203 0.538354 0.287969 0.294958
21 0.528484 0.849187 0.294906 0.214958
21 0.096078 0.719271 0.192156 0.351625
22 0.652078 0.137188 0.041094 0.266708
22 0.390250 0.145479 0.100750 0.282375
22 0.407844 0.569021 0.067438 0.283625
