21 0.467453 0.494937 0.243531 0.250625
21 0.470422 0.147313 0.256594 0.280875
22 0.570422 0.149792 0.046219 0.247250
22 0.564281 0.495563 0.037688 0.243042
22 0.567922 0.790875 0.044406 0.237583
22 0.364078 0.157771 0.041344 0.248458
21 0.469938 0.786854 0.248500 0.266042
22 0.368031 0.801500 0.038687 0.206167
22 0.367172 0.503562 0.037719 0.254458
21 0.096484 0.543146 0.192969 0.236125
22 0.171656 0.542813 0.037312 0.221125
22 0.173891 0.812771 0.041844 0.187208
21 0.099187 0.806146 0.198063 0.201042
22 0.187141 0.229083 0.046844 0.239667
21 0.105734 0.231958 0.211469 0.251333
22 0.007594 0.548312 0.015125 0.248458
