22 0.317938 0.801625 0.028500 0.242583
22 0.881750 0.415771 0.039000 0.192625
22 0.681250 0.417521 0.033750 0.203292
22 0.348906 0.518875 0.038250 0.229417
21 0.767219 0.978042 0.210187 0.043583
22 0.512594 0.490083 0.038250 0.229417
21 0.432156 0.483167 0.209125 0.265500
21 0.785656 0.419396 0.257563 0.197458
22 0.504312 0.797396 0.039062 0.237875
22 0.896578 0.727604 0.050344 0.247125
22 0.683578 0.725938 0.038781 0.268208
21 0.792359 0.721625 0.262656 0.280167
21 0.416047 0.790667 0.228344 0.248167
