21 0.430641 0.641437 0.264719 0.234542
21 0.857094 0.601875 0.180313 0.171500
21 0.427094 0.371646 0.287750 0.266958
21 0.859375 0.358396 0.181000 0.247208
21 0.813297 0.076042 0.081781 0.152083
22 0.320203 0.901729 0.044531 0.179792
22 0.330969 0.072833 0.046750 0.145667
22 0.539016 0.638687 0.035594 0.193292
22 0.799172 0.351271 0.047344 0.224542
22 0.793375 0.602813 0.042625 0.149292
22 0.549578 0.371375 0.037281 0.243917
22 0.325250 0.656146 0.045437 0.191958
22 0.809875 0.075292 0.064438 0.149167
22 0.527984 0.876146 0.038156 0.184625
22 0.311969 0.373146 0.049750 0.253375
22 0.556594 0.077104 0.038125 0.154208
21 0.422891 0.884479 0.255281 0.227875
21 0.440922 0.079167 0.274719 0.158333
