22 0.571750 0.152771 0.038000 0.248542
22 0.836859 0.416812 0.040594 0.156542
21 0.874016 0.173771 0.155406 0.200125
22 0.334953 0.141667 0.051281 0.253667
22 0.554281 0.705458 0.038250 0.201250
22 0.827953 0.145937 0.058906 0.245875
22 0.562828 0.414854 0.040781 0.250958
21 0.878609 0.418354 0.140969 0.166125
22 0.335984 0.429688 0.041719 0.196958
21 0.449250 0.144312 0.290063 0.267208
21 0.444000 0.707000 0.263563 0.228083
21 0.448672 0.427875 0.272406 0.232417
22 0.336797 0.706375 0.048844 0.207000
