22 0.614516 0.171604 0.045969 0.230042
21 0.479391 0.429500 0.207094 0.178917
21 0.509281 0.166625 0.267062 0.247333
21 0.097734 0.427021 0.195469 0.193375
22 0.154391 0.668021 0.030469 0.163875
22 0.559219 0.436271 0.040000 0.156958
21 0.086734 0.665646 0.173469 0.190042
22 0.399219 0.160812 0.039937 0.256625
22 0.194656 0.196167 0.044312 0.184167
22 0.394516 0.425417 0.033094 0.161917
21 0.110609 0.201854 0.220969 0.198708
22 0.167766 0.426146 0.027094 0.166792
22 0.781109 0.757062 0.078344 0.485875
22 0.009750 0.426125 0.019375 0.188417
