22 0.414375 0.051521 0.068938 0.102958
22 0.395922 0.272458 0.035281 0.219750
22 0.565766 0.520458 0.034906 0.162083
22 0.170250 0.299938 0.046250 0.189375
22 0.144125 0.535771 0.030250 0.171542
22 0.602250 0.050021 0.052313 0.099792
22 0.115687 0.796542 0.036937 0.175917
22 0.600703 0.267708 0.044719 0.207000
21 0.070062 0.794646 0.140125 0.199458
22 0.389797 0.515437 0.038469 0.161125
21 0.480000 0.516312 0.221750 0.178875
21 0.501313 0.051979 0.244250 0.103042
21 0.501437 0.269083 0.250125 0.225500
22 0.006500 0.071187 0.012875 0.125292
21 0.083719 0.536438 0.167437 0.197875
21 0.104187 0.296646 0.206000 0.197875
