22 0.407578 0.895354 0.044219 0.209292
22 0.609281 0.892208 0.032500 0.215583
22 0.419359 0.347479 0.039469 0.226875
22 0.409437 0.635188 0.041125 0.222542
22 0.421609 0.086042 0.047969 0.171583
21 0.525750 0.353313 0.262062 0.234458
22 0.635641 0.364229 0.040969 0.219458
21 0.887375 0.372729 0.116437 0.223458
22 0.622031 0.646333 0.032500 0.217333
22 0.869797 0.143813 0.044156 0.098708
21 0.513578 0.639479 0.251969 0.244125
22 0.639922 0.094146 0.037281 0.185375
21 0.504828 0.892271 0.247156 0.214208
21 0.527438 0.092833 0.264125 0.184083
21 0.883437 0.650125 0.131625 0.221000
22 0.860813 0.370271 0.053812 0.217208
21 0.872484 0.838896 0.155719 0.114792
22 0.845125 0.654083 0.050625 0.205083
22 0.840000 0.897437 0.050625 0.205125
