22 0.449313 0.341208 0.042250 0.232917
22 0.448641 0.604417 0.039656 0.162667
22 0.664469 0.312042 0.049500 0.235583
21 0.179828 0.176292 0.209094 0.150167
21 0.557266 0.079583 0.256219 0.158917
21 0.121734 0.853167 0.219531 0.121917
21 0.537687 0.597167 0.219375 0.191833
21 0.145969 0.650667 0.203187 0.192667
21 0.560438 0.324292 0.263625 0.256333
22 0.331562 0.050542 0.046875 0.093500
22 0.448094 0.083479 0.039125 0.153125
22 0.262094 0.162646 0.041187 0.120542
22 0.071797 0.417646 0.045094 0.184958
22 0.220031 0.643583 0.034063 0.174333
22 0.248578 0.401271 0.039844 0.181458
22 0.205516 0.902521 0.043594 0.182458
22 0.654797 0.058000 0.059469 0.115583
22 0.094672 0.178687 0.038219 0.143208
21 0.160156 0.402750 0.224750 0.199250
22 0.065578 0.652417 0.034469 0.175667
22 0.620578 0.595042 0.037281 0.166333
