22 0.554344 0.268688 0.045750 0.207958
21 0.199938 0.522667 0.288875 0.260583
21 0.196813 0.232667 0.297938 0.248833
22 0.562484 0.525188 0.052656 0.214625
22 0.992656 0.775958 0.014687 0.204583
21 0.656453 0.530375 0.239844 0.222750
22 0.745297 0.523062 0.050094 0.215708
21 0.646859 0.280292 0.239844 0.222750
22 0.738578 0.277979 0.050094 0.215708
21 0.205063 0.810979 0.285500 0.207792
22 0.087328 0.524146 0.053531 0.249542
22 0.093937 0.821604 0.053937 0.181458
22 0.085062 0.225333 0.061313 0.229250
22 0.325672 0.522104 0.036781 0.248208
22 0.323984 0.819562 0.036781 0.223875
