21 0.150938 0.484063 0.280313 0.225292
21 0.625172 0.273229 0.249156 0.242958
21 0.613094 0.523021 0.207125 0.171292
21 0.625672 0.050458 0.240344 0.099667
22 0.252812 0.771917 0.041500 0.215583
22 0.698703 0.538542 0.039906 0.155417
22 0.271312 0.498125 0.037937 0.202583
22 0.531937 0.043125 0.049000 0.086083
22 0.052328 0.207521 0.045844 0.205375
22 0.016172 0.761188 0.032344 0.205958
22 0.725969 0.054125 0.040750 0.108083
21 0.470297 0.044271 0.162156 0.088542
22 0.397813 0.030292 0.034250 0.060167
21 0.137750 0.764333 0.275500 0.234167
22 0.526125 0.270208 0.045563 0.206583
22 0.725859 0.259083 0.045844 0.255750
22 0.287906 0.241729 0.041187 0.200958
22 0.535531 0.517771 0.041500 0.151792
22 0.036219 0.473104 0.052812 0.199125
21 0.169313 0.220833 0.288813 0.229583
