21 0.473703 0.128938 0.173219 0.168958
21 0.469344 0.323833 0.156625 0.169000
21 0.470125 0.510479 0.156625 0.118792
22 0.400938 0.122646 0.031500 0.135542
21 0.470125 0.665604 0.156625 0.118792
22 0.531438 0.516792 0.031500 0.153250
21 0.465766 0.808521 0.156594 0.118792
22 0.401719 0.329729 0.031500 0.135542
22 0.529875 0.676125 0.031500 0.121917
22 0.527500 0.806125 0.031500 0.101000
22 0.406438 0.805000 0.031500 0.109167
22 0.408031 0.657229 0.031500 0.109208
22 0.401719 0.508375 0.031500 0.109167
22 0.538563 0.325292 0.031500 0.174250
22 0.546016 0.131521 0.034781 0.161292
