22 0.373047 0.734542 0.032406 0.134583
22 0.850641 0.275729 0.041594 0.164458
21 0.444000 0.513708 0.185938 0.167333
22 0.693234 0.280042 0.035719 0.168500
21 0.440594 0.739542 0.175625 0.157167
22 0.517469 0.287021 0.036125 0.146875
21 0.443594 0.076188 0.189812 0.152042
21 0.779953 0.521583 0.208094 0.157333
22 0.695688 0.758604 0.036688 0.143958
22 0.696688 0.523208 0.032625 0.140917
21 0.775734 0.957875 0.200094 0.084250
21 0.788687 0.270208 0.225437 0.197917
21 0.768719 0.058062 0.193313 0.114125
21 0.446688 0.288062 0.191875 0.169542
22 0.507109 0.742396 0.036344 0.142542
22 0.370609 0.512979 0.033906 0.149792
21 0.780594 0.765708 0.210563 0.163667
22 0.514219 0.515417 0.035250 0.155333
22 0.691203 0.065625 0.033531 0.122583
22 0.372172 0.291125 0.037656 0.156833
22 0.517844 0.067437 0.034563 0.133625
22 0.858891 0.521354 0.046344 0.140875
22 0.370641 0.075000 0.040906 0.146083
22 0.695578 0.960167 0.037719 0.078833
22 0.860016 0.774750 0.043344 0.142500
21 0.443781 0.936812 0.178563 0.124125
22 0.857156 0.053083 0.022813 0.103417
22 0.850016 0.971792 0.042781 0.055750
22 0.510156 0.949667 0.043313 0.100167
