22 0.643266 0.164771 0.052344 0.270542
22 0.182406 0.871271 0.030563 0.096458
22 0.185313 0.181854 0.049938 0.152375
22 0.007406 0.165958 0.014813 0.161250
22 0.195359 0.453583 0.050594 0.220667
21 0.111891 0.448250 0.223344 0.222417
22 0.026031 0.651896 0.046812 0.169292
21 0.101000 0.841667 0.201625 0.150167
22 0.181875 0.676896 0.040250 0.172375
22 0.569547 0.778125 0.038594 0.153750
21 0.105438 0.185500 0.210875 0.162333
22 0.623953 0.528292 0.054781 0.252583
21 0.103859 0.666083 0.200906 0.205417
22 0.406297 0.736583 0.036344 0.147667
22 0.409922 0.500146 0.041594 0.248625
21 0.520547 0.516521 0.271219 0.278792
22 0.409781 0.161979 0.042937 0.244708
21 0.491609 0.757563 0.209906 0.192375
21 0.531719 0.169479 0.291188 0.283792
22 0.024375 0.839000 0.046812 0.138667
22 0.014609 0.429750 0.029219 0.220667
