22 0.839625 0.426104 0.039250 0.202792
21 0.470141 0.488958 0.257281 0.470167
22 0.811016 0.673646 0.052844 0.248042
22 0.379563 0.069812 0.040687 0.139042
21 0.867703 0.702729 0.170281 0.292625
22 0.582594 0.076896 0.037625 0.153042
22 0.383375 0.813792 0.038125 0.184333
21 0.475000 0.845833 0.226250 0.244000
21 0.478969 0.080687 0.252250 0.161375
22 0.564172 0.858208 0.045719 0.220167
22 0.566656 0.487750 0.050562 0.461167
22 0.371844 0.488458 0.050562 0.480167
22 0.862813 0.143729 0.039250 0.090625
21 0.884766 0.432917 0.141094 0.221333
