22 0.061187 0.703083 0.045187 0.185333
21 0.530703 0.826458 0.264531 0.263167
21 0.148281 0.454896 0.208562 0.231375
22 0.226859 0.462313 0.044969 0.208458
21 0.539125 0.520312 0.263250 0.274375
21 0.142672 0.723333 0.209844 0.230917
22 0.420344 0.798063 0.041000 0.216292
22 0.222562 0.733021 0.041250 0.184958
22 0.616156 0.843250 0.075562 0.224250
22 0.210687 0.955042 0.051125 0.089917
21 0.216672 0.958375 0.074031 0.082750
22 0.061437 0.440479 0.036563 0.200542
22 0.431281 0.508188 0.046125 0.235042
22 0.639609 0.525187 0.050156 0.247625
