21 0.451937 0.618771 0.244688 0.218958
21 0.457281 0.902667 0.244687 0.194667
21 0.077578 0.617646 0.154594 0.232458
22 0.543562 0.617646 0.040875 0.197375
22 0.557453 0.334500 0.046719 0.199583
21 0.076797 0.854833 0.153469 0.114250
22 0.362703 0.911021 0.050469 0.173042
22 0.550750 0.907479 0.056500 0.179292
21 0.080031 0.323354 0.160062 0.217958
22 0.361609 0.328188 0.042781 0.214625
22 0.128203 0.618188 0.045594 0.206458
22 0.134359 0.326208 0.042406 0.198750
22 0.356953 0.621667 0.047156 0.200750
21 0.461578 0.331458 0.244656 0.216917
