22 0.010828 0.596542 0.021656 0.167333
22 0.164313 0.171979 0.040750 0.144792
21 0.518406 0.157729 0.293125 0.280542
21 0.489109 0.438812 0.217031 0.196208
22 0.579703 0.445833 0.033344 0.174417
21 0.095953 0.175625 0.191906 0.143750
21 0.096203 0.385250 0.191969 0.207750
21 0.097266 0.607625 0.194531 0.207583
22 0.633312 0.157938 0.053000 0.277792
22 0.169094 0.385937 0.040750 0.180542
22 0.171547 0.619396 0.034594 0.174125
22 0.398141 0.149708 0.038281 0.251167
22 0.007484 0.380146 0.014906 0.183792
22 0.401062 0.422792 0.034938 0.174167
22 0.790187 0.767292 0.067437 0.463667
