22 0.429141 0.148833 0.043219 0.220833
22 0.135172 0.461854 0.047656 0.300375
21 0.535141 0.501604 0.285406 0.274208
21 0.075750 0.814792 0.151062 0.213000
22 0.669594 0.867646 0.052687 0.260542
21 0.080312 0.452292 0.160187 0.317417
21 0.086766 0.161104 0.173531 0.125292
21 0.546078 0.857896 0.307094 0.284208
22 0.425969 0.864625 0.060750 0.266417
21 0.536625 0.164271 0.276750 0.253125
22 0.120313 0.824042 0.049875 0.173750
22 0.146828 0.162146 0.049406 0.119292
22 0.420859 0.492271 0.043844 0.258792
22 0.655734 0.514833 0.044406 0.249917
22 0.652016 0.188896 0.045656 0.212625
