21 0.059328 0.304979 0.118344 0.312875
22 0.100641 0.687625 0.053656 0.289750
21 0.497641 0.911625 0.232531 0.176750
21 0.530156 0.305021 0.317625 0.286625
22 0.090578 0.301958 0.053656 0.289750
21 0.520891 0.653896 0.300469 0.254792
22 0.402547 0.305083 0.050781 0.269000
22 0.642875 0.646125 0.052313 0.241917
22 0.398969 0.657271 0.049438 0.238792
22 0.405297 0.913958 0.043406 0.170833
22 0.591250 0.906312 0.039375 0.150208
22 0.398234 0.020229 0.057594 0.040458
21 0.529141 0.036979 0.322469 0.072208
22 0.658469 0.296625 0.051438 0.266833
21 0.060547 0.680271 0.118344 0.312875
