21 0.099141 0.853396 0.198281 0.133042
22 0.419031 0.892771 0.046125 0.175042
22 0.574594 0.327542 0.034563 0.189500
22 0.183375 0.297958 0.037250 0.189417
22 0.402844 0.323208 0.041000 0.188500
22 0.175891 0.862875 0.040906 0.126333
21 0.495375 0.600396 0.224187 0.202625
21 0.503531 0.893646 0.222188 0.194708
21 0.103516 0.280146 0.206469 0.230708
21 0.101562 0.578771 0.203125 0.250542
22 0.177875 0.586083 0.044000 0.213500
22 0.585453 0.598812 0.043656 0.184625
21 0.486437 0.329146 0.216000 0.209792
22 0.407781 0.596271 0.042625 0.183208
22 0.592516 0.898188 0.043094 0.167125
