21 0.475953 0.937167 0.255344 0.125667
21 0.139250 0.385917 0.202313 0.189083
22 0.181797 0.642875 0.047719 0.177500
22 0.370734 0.943729 0.041594 0.112292
22 0.215188 0.386646 0.038375 0.175792
22 0.423266 0.369188 0.039156 0.198542
21 0.105203 0.647063 0.210406 0.210125
22 0.059484 0.385396 0.036094 0.168875
22 0.622641 0.368979 0.039156 0.198542
22 0.583328 0.943396 0.041594 0.112292
21 0.090266 0.863604 0.180531 0.119208
22 0.394422 0.656354 0.041031 0.216792
21 0.509594 0.660042 0.273313 0.246917
22 0.609031 0.662562 0.062375 0.236792
22 0.019062 0.643854 0.038125 0.183125
21 0.520203 0.364250 0.246469 0.214750
