22 0.492547 0.193312 0.039906 0.189708
22 0.077781 0.172479 0.054188 0.136708
22 0.378328 0.018354 0.059344 0.036708
22 0.682250 0.213750 0.040000 0.182583
22 0.275250 0.182188 0.043813 0.155208
22 0.041391 0.383063 0.045031 0.233542
22 0.240703 0.429625 0.042344 0.191833
21 0.573359 0.756188 0.263281 0.215292
21 0.140656 0.409792 0.257438 0.236250
21 0.122359 0.719208 0.244719 0.248083
21 0.169797 0.180625 0.256906 0.165167
22 0.467172 0.762854 0.044656 0.167042
21 0.577594 0.459833 0.239500 0.212917
22 0.212625 0.706208 0.051125 0.189333
22 0.482750 0.456417 0.044125 0.204667
21 0.588016 0.200521 0.236531 0.202292
22 0.668625 0.458479 0.039250 0.186292
22 0.673063 0.755625 0.049437 0.196500
22 0.008906 0.707062 0.017688 0.209208
21 0.549766 0.950604 0.450094 0.098792
