22 0.428141 0.065875 0.054031 0.131750
21 0.093609 0.417167 0.187156 0.301000
22 0.440484 0.371333 0.055281 0.255333
22 0.158609 0.411208 0.049344 0.278333
22 0.178984 0.783375 0.050656 0.249917
22 0.667875 0.663458 0.047875 0.233917
22 0.668750 0.347729 0.043313 0.244792
21 0.549078 0.361396 0.288719 0.275542
21 0.556625 0.932646 0.210750 0.134708
21 0.562891 0.701542 0.267656 0.265500
21 0.104906 0.783792 0.209562 0.274917
21 0.082625 0.154188 0.165000 0.114125
22 0.142359 0.130792 0.046844 0.054917
22 0.641297 0.935583 0.035906 0.128833
22 0.481406 0.946521 0.043000 0.106958
22 0.457250 0.716896 0.052625 0.228625
22 0.673109 0.061667 0.049531 0.123333
21 0.548969 0.067729 0.301438 0.135208
