21 0.542141 0.036042 0.227781 0.071833
22 0.446234 0.238937 0.035531 0.189625
22 0.047578 0.224667 0.038656 0.180333
22 0.043922 0.500146 0.037406 0.179125
22 0.238016 0.228667 0.039844 0.184417
22 0.625719 0.519208 0.038563 0.164083
22 0.046234 0.762562 0.034594 0.165208
22 0.228250 0.503417 0.038875 0.184000
22 0.444672 0.782104 0.036531 0.162125
21 0.138125 0.767875 0.218687 0.186833
21 0.138594 0.499458 0.226375 0.202083
21 0.543406 0.238854 0.232937 0.214208
21 0.537375 0.509521 0.222687 0.193375
21 0.144437 0.225208 0.235875 0.199750
21 0.535516 0.781771 0.222844 0.177042
22 0.445047 0.979271 0.038219 0.041208
22 0.639906 0.028688 0.032125 0.056958
21 0.538453 0.979396 0.225969 0.041208
22 0.223750 0.761417 0.037438 0.169833
22 0.624031 0.788604 0.037375 0.163458
22 0.634750 0.243958 0.046438 0.200250
22 0.447187 0.031688 0.033000 0.063375
22 0.446406 0.510604 0.033875 0.157292
