22 0.845563 0.284042 0.040500 0.144083
22 0.558312 0.557229 0.040062 0.217458
22 0.340203 0.047000 0.059906 0.093833
22 0.573031 0.262458 0.035937 0.217083
22 0.829016 0.074375 0.050969 0.116333
21 0.831219 0.071188 0.061062 0.125125
22 0.580203 0.058625 0.028156 0.115083
21 0.883734 0.287250 0.129469 0.162500
21 0.453578 0.256229 0.279344 0.229375
22 0.340969 0.250125 0.045000 0.197750
21 0.438859 0.547583 0.283469 0.234250
22 0.322344 0.542063 0.044938 0.208542
21 0.452766 0.051562 0.284344 0.101958
