22 0.791547 0.101542 0.041719 0.170667
22 0.602391 0.903229 0.041469 0.190292
22 0.821984 0.887438 0.058844 0.185542
22 0.807516 0.617792 0.051469 0.195083
22 0.802312 0.358208 0.043750 0.185917
22 0.597672 0.634687 0.038469 0.208542
22 0.383297 0.095854 0.056719 0.184292
22 0.393813 0.904667 0.049875 0.186000
21 0.863188 0.613083 0.172937 0.211667
22 0.384922 0.352938 0.045219 0.206208
22 0.587625 0.344792 0.037062 0.236167
21 0.861344 0.353500 0.172125 0.205000
21 0.483469 0.349604 0.251312 0.229375
21 0.491078 0.631583 0.256281 0.237083
21 0.497281 0.893542 0.262875 0.211833
21 0.473312 0.096583 0.245250 0.193167
22 0.577406 0.099146 0.033812 0.193208
21 0.866750 0.838500 0.162750 0.108833
22 0.395047 0.628750 0.047594 0.225667
