21 0.273313 0.968250 0.095125 0.063000
22 0.491859 0.982271 0.035156 0.035458
22 0.316875 0.362438 0.047375 0.325875
21 0.860094 0.412875 0.174688 0.291250
21 0.395984 0.973000 0.247031 0.054000
22 0.297375 0.969021 0.046062 0.061458
21 0.427078 0.396708 0.268469 0.255583
22 0.801531 0.402917 0.049375 0.263667
22 0.796422 0.765437 0.047344 0.242792
22 0.304969 0.726292 0.051125 0.232250
22 0.533203 0.399229 0.046031 0.232625
21 0.860312 0.764771 0.184250 0.257542
21 0.414516 0.734479 0.276531 0.250125
22 0.523422 0.739771 0.047781 0.229292
