22 0.383109 0.892729 0.048156 0.214042
22 0.601453 0.066021 0.057281 0.130792
21 0.086625 0.834813 0.173000 0.176375
22 0.390359 0.306833 0.045594 0.234667
22 0.602437 0.307979 0.044250 0.214375
21 0.090313 0.590479 0.180438 0.263792
21 0.091891 0.310437 0.183531 0.232542
22 0.152109 0.304521 0.048719 0.231458
22 0.147109 0.589500 0.052844 0.249333
22 0.385000 0.602750 0.046125 0.241333
22 0.608062 0.894458 0.057063 0.208250
22 0.604563 0.602000 0.055500 0.225833
21 0.499406 0.878250 0.288000 0.243500
21 0.496391 0.068979 0.268031 0.137458
21 0.495000 0.304125 0.262250 0.238250
22 0.140547 0.852229 0.052406 0.125875
21 0.494641 0.600188 0.281281 0.264375
22 0.390719 0.063979 0.043875 0.127958
