22 0.129016 0.711917 0.034406 0.165500
22 0.373453 0.261479 0.041844 0.253708
22 0.127156 0.482167 0.040875 0.184083
22 0.599109 0.284792 0.052156 0.250250
22 0.366625 0.524833 0.035250 0.169667
21 0.075688 0.706229 0.151000 0.207375
22 0.538297 0.553708 0.040406 0.175583
21 0.075734 0.475312 0.151469 0.213042
21 0.455016 0.540000 0.215781 0.210083
21 0.489328 0.274021 0.281906 0.284625
21 0.087609 0.230667 0.174906 0.240333
22 0.153016 0.227479 0.047781 0.229792
22 0.573578 0.024125 0.050156 0.048000
21 0.503375 0.032208 0.293188 0.063667
