22 0.290719 0.651646 0.036062 0.141375
21 0.362156 0.430229 0.170437 0.166875
21 0.684594 0.191646 0.201312 0.190458
21 0.673469 0.919958 0.210500 0.160083
21 0.374250 0.218125 0.166313 0.167250
21 0.675625 0.675708 0.196000 0.161250
21 0.356547 0.655104 0.175969 0.163458
21 0.345391 0.881688 0.174719 0.157458
21 0.681578 0.421312 0.209406 0.193625
22 0.298516 0.437271 0.038031 0.141958
22 0.743406 0.927396 0.059438 0.144625
22 0.596828 0.425000 0.033969 0.180083
22 0.603359 0.190979 0.033531 0.210542
22 0.277703 0.876146 0.034844 0.139708
22 0.412781 0.881271 0.037750 0.136125
22 0.422563 0.655708 0.035625 0.149667
22 0.305375 0.215417 0.029750 0.165417
22 0.747172 0.675562 0.047406 0.139208
22 0.594625 0.670625 0.032938 0.141333
22 0.436859 0.220229 0.034156 0.151958
22 0.588703 0.922208 0.033656 0.153083
22 0.758141 0.422229 0.050531 0.175208
22 0.762297 0.194729 0.038406 0.158792
22 0.427344 0.433563 0.033938 0.157292
