22 0.841406 0.049813 0.038125 0.091875
21 0.504984 0.267958 0.260406 0.238917
22 0.400172 0.038271 0.044281 0.076292
22 0.614422 0.277208 0.035031 0.212167
21 0.509328 0.046354 0.268156 0.091542
21 0.880953 0.274354 0.127344 0.222542
22 0.398484 0.271396 0.043656 0.214458
22 0.846313 0.275104 0.049625 0.208542
21 0.500828 0.535646 0.249406 0.240542
21 0.873750 0.536687 0.150000 0.222542
22 0.832531 0.536687 0.049625 0.208542
22 0.607625 0.528104 0.032250 0.228375
22 0.624891 0.041396 0.043156 0.082792
22 0.399250 0.536687 0.041375 0.222375
