22 0.627719 0.093229 0.038938 0.181458
21 0.509391 0.976250 0.313156 0.047083
22 0.640375 0.978292 0.048625 0.043417
22 0.377937 0.090583 0.069438 0.180083
22 0.370875 0.729042 0.050813 0.279417
21 0.497172 0.389479 0.307656 0.282458
22 0.370859 0.385354 0.054281 0.266792
21 0.501219 0.744042 0.323437 0.312167
22 0.627016 0.388708 0.042656 0.274000
22 0.907781 0.390063 0.062688 0.240125
22 0.636047 0.742750 0.049781 0.273667
21 0.495094 0.093292 0.308438 0.186583
22 0.913484 0.729583 0.064906 0.246083
