22 0.397016 0.815583 0.041031 0.183000
22 0.160969 0.622604 0.064813 0.223542
21 0.725953 0.269937 0.244156 0.253292
22 0.383219 0.310396 0.038938 0.249375
22 0.637109 0.521375 0.040531 0.184417
21 0.284703 0.844375 0.264219 0.216083
22 0.810828 0.329292 0.051469 0.527167
21 0.722250 0.507833 0.226000 0.222167
22 0.826344 0.258104 0.046063 0.226708
22 0.389859 0.581812 0.041031 0.224792
21 0.261531 0.464917 0.302500 0.545667
22 0.147984 0.342354 0.062344 0.250875
22 0.629656 0.268021 0.051438 0.231958
22 0.193391 0.855333 0.041031 0.183000
