21 0.420438 0.099812 0.240313 0.199625
22 0.463828 0.661333 0.045719 0.193500
22 0.442609 0.877354 0.045719 0.193458
22 0.272016 0.851146 0.045719 0.193458
21 0.849625 0.134250 0.198437 0.261417
22 0.914109 0.799083 0.047906 0.152250
21 0.361750 0.864458 0.204687 0.186083
21 0.375312 0.629833 0.211687 0.237667
22 0.725234 0.738188 0.039656 0.150125
22 0.294438 0.364979 0.043063 0.227708
21 0.391406 0.387521 0.243812 0.267125
22 0.745703 0.472229 0.043844 0.235458
22 0.511359 0.099146 0.046469 0.195958
22 0.775797 0.123146 0.046281 0.239375
22 0.489422 0.406875 0.045719 0.226833
21 0.833187 0.497687 0.226750 0.307708
21 0.821594 0.770667 0.240937 0.216417
22 0.291234 0.600938 0.042781 0.180542
