22 0.068891 0.509375 0.041781 0.215417
22 0.775578 0.214417 0.043406 0.213417
21 0.179953 0.502917 0.268906 0.240000
22 0.559688 0.224229 0.041812 0.217708
22 0.290344 0.506708 0.044563 0.229250
21 0.201266 0.241083 0.268906 0.240000
21 0.672656 0.490604 0.283312 0.251375
22 0.085687 0.253667 0.044562 0.229250
21 0.157016 0.788083 0.268094 0.230667
22 0.557422 0.492729 0.044594 0.233458
22 0.265734 0.786729 0.043094 0.221792
22 0.305812 0.251583 0.044562 0.229250
22 0.044094 0.790063 0.042312 0.219125
22 0.786484 0.482417 0.041844 0.206167
