22 0.365594 0.700042 0.044312 0.191333
22 0.132719 0.175625 0.041625 0.136250
22 0.127188 0.707313 0.044812 0.209625
22 0.367969 0.421125 0.042063 0.219583
22 0.128594 0.414229 0.042188 0.229458
22 0.576062 0.156958 0.041875 0.217417
21 0.076922 0.417292 0.153406 0.237750
22 0.569484 0.432354 0.041844 0.204708
22 0.372328 0.141417 0.046156 0.230667
21 0.463984 0.922708 0.241094 0.154583
21 0.473859 0.148146 0.251594 0.231292
21 0.470328 0.423479 0.248781 0.226958
22 0.569391 0.700104 0.038031 0.202125
21 0.466953 0.698292 0.250719 0.237250
21 0.076641 0.708708 0.153219 0.234417
21 0.076875 0.172958 0.153750 0.139250
22 0.561312 0.924375 0.044313 0.151250
22 0.364781 0.921667 0.044312 0.156667
