21 0.528297 0.462937 0.283531 0.292875
22 0.415406 0.119729 0.044375 0.234458
22 0.167703 0.522833 0.043781 0.266083
22 0.645469 0.468937 0.042250 0.265875
21 0.096500 0.205229 0.191812 0.211708
21 0.096859 0.527896 0.193719 0.296292
22 0.646031 0.120104 0.037000 0.236958
22 0.165781 0.203958 0.041875 0.188750
22 0.484031 0.961521 0.055437 0.076958
21 0.343656 0.955208 0.348813 0.089583
22 0.320688 0.056042 0.031688 0.092000
21 0.528109 0.124708 0.270594 0.245500
22 0.410750 0.457667 0.043312 0.266917
