21 0.458469 0.669042 0.262937 0.265167
22 0.790313 0.610938 0.041063 0.256375
21 0.857656 0.612042 0.182125 0.276917
22 0.563281 0.669792 0.047188 0.242167
22 0.562141 0.339313 0.040906 0.246542
22 0.351187 0.660979 0.039812 0.250292
22 0.791641 0.275104 0.039531 0.239125
22 0.355922 0.081229 0.033031 0.139958
22 0.352687 0.343146 0.036562 0.250792
21 0.459828 0.077813 0.242594 0.154542
22 0.563953 0.070500 0.040594 0.140917
21 0.459063 0.342104 0.254438 0.261292
21 0.860484 0.275500 0.179906 0.251917
