22 0.383875 0.029625 0.034500 0.059250
22 0.209594 0.823646 0.031375 0.170708
22 0.614766 0.763917 0.036844 0.178000
21 0.685187 0.553750 0.194062 0.200000
22 0.760656 0.767188 0.030250 0.166125
21 0.682641 0.316104 0.192469 0.209542
21 0.686797 0.769667 0.182344 0.183083
22 0.610078 0.556771 0.039281 0.186375
22 0.357047 0.821687 0.031719 0.174042
22 0.762469 0.555604 0.033375 0.188708
22 0.606344 0.318104 0.035375 0.187042
22 0.760547 0.319854 0.034219 0.185292
22 0.355109 0.561208 0.034156 0.173417
21 0.283000 0.823292 0.184437 0.185750
