22 0.418828 0.339000 0.034906 0.116417
22 0.413875 0.539708 0.037875 0.107583
22 0.614453 0.333354 0.033594 0.117792
22 0.640281 0.844354 0.035875 0.106958
22 0.420609 0.847958 0.034156 0.112417
21 0.322359 0.863563 0.238656 0.137375
21 0.309734 0.151583 0.263844 0.126750
22 0.417000 0.698896 0.038063 0.105208
21 0.311062 0.542500 0.250812 0.119000
21 0.733844 0.668208 0.242375 0.188583
22 0.625297 0.558896 0.040969 0.163708
22 0.199109 0.157521 0.035781 0.099542
21 0.732516 0.539958 0.258031 0.154000
22 0.205109 0.353896 0.030844 0.117292
22 0.640719 0.691083 0.038625 0.095167
22 0.421969 0.143792 0.030438 0.115000
22 0.839250 0.320146 0.031000 0.121792
21 0.313984 0.344875 0.255656 0.149500
21 0.740828 0.846771 0.239906 0.124625
21 0.727234 0.328542 0.259781 0.143083
