21 0.682281 0.867083 0.148562 0.077500
22 0.380281 0.441958 0.020688 0.074333
22 0.499578 0.444542 0.028844 0.074333
22 0.379437 0.564854 0.021125 0.074292
22 0.499938 0.565625 0.028875 0.074333
22 0.384938 0.685917 0.025875 0.066167
22 0.493484 0.687021 0.025844 0.066208
22 0.492703 0.777813 0.025844 0.066208
22 0.386172 0.774833 0.024969 0.066167
22 0.385359 0.857042 0.024969 0.074333
22 0.491828 0.859250 0.024969 0.074333
22 0.739875 0.866417 0.024937 0.074333
22 0.627203 0.867167 0.024969 0.074333
22 0.737391 0.782750 0.024969 0.082500
22 0.630516 0.780583 0.024969 0.082500
22 0.624313 0.691417 0.024938 0.082500
22 0.751844 0.691667 0.024938 0.082500
22 0.750641 0.570125 0.024969 0.095083
22 0.625797 0.569625 0.029031 0.095083
22 0.756312 0.290042 0.025750 0.135917
22 0.626594 0.293042 0.031813 0.135917
21 0.441047 0.444104 0.147219 0.085042
21 0.441078 0.566667 0.147219 0.085000
21 0.441062 0.686875 0.140937 0.069583
21 0.440750 0.776042 0.140938 0.069583
21 0.439531 0.857625 0.140937 0.076083
21 0.686094 0.782250 0.142187 0.085417
21 0.688031 0.691042 0.158312 0.085417
21 0.689734 0.567708 0.158344 0.103833
21 0.690125 0.288708 0.158312 0.158583
