21 0.693000 0.291083 0.271812 0.252500
21 0.698125 0.958187 0.188000 0.083625
21 0.301016 0.359063 0.267281 0.254125
22 0.766500 0.961917 0.034875 0.074417
21 0.552250 0.961458 0.177625 0.077083
21 0.715016 0.052063 0.201906 0.101625
22 0.660453 0.053188 0.025094 0.106375
22 0.622844 0.965833 0.037125 0.068250
21 0.620734 0.055646 0.129156 0.109458
22 0.577641 0.294562 0.035531 0.246958
22 0.577719 0.595562 0.041688 0.239292
22 0.807219 0.288062 0.036875 0.246708
22 0.187594 0.361521 0.031937 0.233625
22 0.574672 0.059479 0.032594 0.117208
22 0.416422 0.651583 0.040969 0.229750
22 0.808250 0.590271 0.037875 0.240792
22 0.800563 0.052188 0.032625 0.104375
22 0.412859 0.362125 0.035094 0.238667
22 0.190266 0.658042 0.033781 0.236833
21 0.692422 0.593042 0.276156 0.249500
21 0.304391 0.655667 0.269844 0.247917
