21 0.506250 0.260208 0.299375 0.297917
22 0.134609 0.316000 0.060781 0.284750
22 0.384297 0.921271 0.060781 0.157458
22 0.615391 0.917417 0.060781 0.165167
22 0.395922 0.624146 0.060781 0.284708
22 0.391266 0.257167 0.060781 0.284750
22 0.620703 0.260958 0.060781 0.284750
22 0.623531 0.610938 0.069063 0.308125
21 0.080609 0.678354 0.161219 0.320958
21 0.088156 0.308271 0.176313 0.320958
21 0.498125 0.916104 0.299375 0.167792
21 0.509719 0.612438 0.299375 0.320958
22 0.120672 0.676792 0.060781 0.284750
