22 0.775234 0.781938 0.037531 0.227958
22 0.546469 0.784042 0.041250 0.228833
22 0.368359 0.548479 0.042781 0.237625
22 0.777828 0.166937 0.036719 0.266708
22 0.372938 0.842500 0.040687 0.216083
22 0.536438 0.170104 0.037812 0.259292
22 0.541625 0.486125 0.038938 0.252750
21 0.259406 0.843708 0.273750 0.230250
22 0.778937 0.481646 0.039438 0.254042
21 0.659844 0.785313 0.274125 0.257708
22 0.128469 0.559604 0.042937 0.245208
22 0.144641 0.825438 0.038031 0.180125
21 0.655891 0.167063 0.285094 0.269792
21 0.246062 0.557125 0.294813 0.266333
21 0.660453 0.484979 0.279156 0.267458
