22 0.569469 0.314938 0.042312 0.257708
21 0.447047 0.934396 0.273156 0.131208
21 0.872219 0.249125 0.162312 0.276667
22 0.328516 0.933250 0.034969 0.124333
22 0.564297 0.674188 0.049469 0.259625
22 0.812312 0.607938 0.048625 0.258792
22 0.348891 0.314938 0.039656 0.259708
21 0.867594 0.608813 0.167875 0.291125
22 0.335594 0.656979 0.036937 0.270292
22 0.814016 0.246521 0.042719 0.254958
22 0.561813 0.955438 0.045250 0.089125
21 0.459984 0.317708 0.268969 0.281500
21 0.453219 0.663833 0.276875 0.281250
