21 0.366438 0.685042 0.045312 0.304750
21 0.070266 0.357229 0.140344 0.292958
22 0.375063 0.294000 0.042937 0.292167
22 0.115516 0.357000 0.042156 0.269333
21 0.501141 0.300583 0.298094 0.316167
22 0.627469 0.689042 0.046125 0.294833
21 0.070672 0.746396 0.141156 0.300125
21 0.499812 0.688646 0.309000 0.315958
21 0.495344 0.954604 0.305625 0.090292
21 0.505984 0.039229 0.308219 0.077708
22 0.625109 0.296104 0.042031 0.309458
22 0.116828 0.737729 0.040594 0.258958
22 0.377578 0.030562 0.041344 0.061042
22 0.626141 0.961604 0.040406 0.076792
22 0.367984 0.688062 0.042844 0.303458
22 0.363437 0.965500 0.039062 0.068417
22 0.630219 0.034125 0.045188 0.068250
