27 0.336469 0.853250 0.034563 0.212250
18 0.249203 0.284479 0.216469 0.228042
18 0.246469 0.580438 0.216500 0.228042
18 0.235562 0.847250 0.216500 0.228000
18 0.623062 0.833917 0.216500 0.228000
18 0.632156 0.557396 0.216500 0.228042
18 0.654406 0.259042 0.235562 0.228000
27 0.154594 0.282667 0.034563 0.212250
27 0.342766 0.298750 0.034594 0.212250
27 0.548750 0.258917 0.034563 0.212250
27 0.751563 0.263104 0.034563 0.212208
27 0.731125 0.561833 0.034563 0.212250
27 0.541656 0.553458 0.034563 0.212250
27 0.531438 0.831250 0.034563 0.212250
27 0.720906 0.832292 0.034563 0.212250
27 0.335688 0.572333 0.034563 0.212250
27 0.158812 0.563937 0.034563 0.212208
27 0.156438 0.844875 0.034563 0.212250
