17 0.285000 0.182646 0.028750 0.139708
15 0.338141 0.183604 0.141219 0.153625
17 0.281875 0.373375 0.031062 0.133333
17 0.622672 0.158333 0.029719 0.150917
15 0.330687 0.546021 0.139875 0.118042
15 0.334359 0.371729 0.138781 0.137375
15 0.560406 0.156667 0.151063 0.163333
15 0.550594 0.535396 0.130063 0.142542
15 0.559766 0.347250 0.144844 0.137417
15 0.325875 0.670438 0.130125 0.101625
17 0.499844 0.155792 0.029687 0.150917
17 0.395406 0.184417 0.031062 0.149500
15 0.335625 0.789333 0.127812 0.114667
15 0.545781 0.686875 0.127813 0.122917
17 0.278219 0.544333 0.031062 0.113833
17 0.618984 0.353750 0.031094 0.133333
17 0.504188 0.352125 0.031062 0.133333
17 0.388156 0.376563 0.031063 0.133375
17 0.389375 0.549292 0.031062 0.117250
17 0.498094 0.532896 0.031063 0.133375
17 0.608000 0.534542 0.031062 0.133333
17 0.277000 0.669625 0.031062 0.094083
17 0.385672 0.672104 0.023656 0.095792
17 0.500531 0.687708 0.031062 0.123750
17 0.600688 0.690146 0.031062 0.118875
17 0.280625 0.790187 0.026250 0.110458
17 0.386937 0.784417 0.031062 0.112000
