18 0.627078 0.826625 0.234344 0.226333
18 0.340203 0.049729 0.063344 0.098375
27 0.721047 0.844417 0.037094 0.167583
27 0.531391 0.820750 0.041906 0.214750
18 0.639531 0.548333 0.241812 0.236417
27 0.152266 0.559354 0.034531 0.208125
27 0.343594 0.838542 0.035562 0.205833
27 0.540219 0.541292 0.040375 0.219833
27 0.347219 0.051979 0.044125 0.103958
27 0.343547 0.573729 0.042906 0.212958
27 0.152016 0.280354 0.036531 0.234708
27 0.767813 0.036625 0.035562 0.072500
18 0.664031 0.038542 0.255250 0.076167
27 0.737797 0.554896 0.040781 0.216708
18 0.248797 0.837500 0.228906 0.235083
27 0.155297 0.820063 0.035719 0.170708
27 0.558437 0.029708 0.041438 0.059417
27 0.348859 0.290375 0.039781 0.215917
27 0.755609 0.258708 0.039469 0.232833
18 0.248797 0.567979 0.235219 0.236125
27 0.554266 0.254333 0.040969 0.224333
18 0.251031 0.283729 0.244500 0.250958
18 0.655563 0.256396 0.248000 0.252292
