27 0.440188 0.794917 0.026000 0.123333
27 0.528937 0.770083 0.025563 0.131833
27 0.534938 0.946729 0.025563 0.106542
18 0.593547 0.944250 0.137719 0.111333
18 0.586437 0.772417 0.150750 0.133500
18 0.385484 0.793583 0.155781 0.136417
18 0.382859 0.944333 0.143469 0.111333
27 0.660219 0.982958 0.025563 0.034083
27 0.641031 0.947167 0.025563 0.105667
27 0.641891 0.774396 0.036031 0.118708
27 0.326328 0.794083 0.036844 0.122000
27 0.438266 0.947937 0.027156 0.102875
27 0.333297 0.946146 0.034344 0.104625
