27 0.625922 0.021437 0.035531 0.042875
27 0.506734 0.017062 0.036656 0.034125
27 0.469719 0.540687 0.049500 0.166875
18 0.542766 0.716958 0.151844 0.186000
27 0.273594 0.368771 0.029375 0.128458
18 0.566656 0.020146 0.155062 0.040292
27 0.277797 0.178396 0.037531 0.144625
27 0.612859 0.533521 0.043969 0.125875
27 0.497438 0.154375 0.038312 0.160417
27 0.399500 0.188188 0.031562 0.152542
27 0.621453 0.160312 0.034719 0.152792
27 0.480563 0.344792 0.054187 0.137917
27 0.395719 0.374625 0.033250 0.129833
27 0.402484 0.032896 0.030406 0.065792
18 0.549031 0.347083 0.185938 0.151333
27 0.621203 0.349396 0.037844 0.129375
18 0.337422 0.180771 0.161156 0.158042
18 0.561281 0.153729 0.166375 0.172292
18 0.337469 0.368063 0.153688 0.149208
18 0.332297 0.542813 0.134781 0.130208
18 0.335000 0.669833 0.121250 0.102833
18 0.334594 0.790917 0.121250 0.102833
27 0.280906 0.542208 0.027562 0.113083
27 0.384719 0.546333 0.027562 0.113083
27 0.286281 0.669208 0.027562 0.113083
27 0.381125 0.662062 0.027563 0.113042
27 0.282703 0.792125 0.027594 0.113083
27 0.386500 0.794500 0.027563 0.113083
27 0.490828 0.717000 0.033969 0.158500
27 0.597703 0.715750 0.033969 0.158500
18 0.543094 0.542750 0.185938 0.151333
