15 0.333719 0.181875 0.143875 0.156167
15 0.565250 0.160375 0.143875 0.156167
15 0.560531 0.354271 0.143875 0.137292
15 0.330187 0.378396 0.143875 0.137292
15 0.327828 0.549312 0.143844 0.116375
15 0.549531 0.539729 0.143875 0.141375
15 0.546375 0.700208 0.143875 0.141333
15 0.324688 0.669208 0.143875 0.106583
15 0.327031 0.793500 0.143875 0.106583
17 0.281453 0.179771 0.034594 0.133125
17 0.390734 0.184479 0.034594 0.133125
17 0.511797 0.159312 0.034594 0.133125
17 0.617141 0.161437 0.034594 0.133125
17 0.612422 0.356396 0.034594 0.133125
17 0.503922 0.354312 0.034594 0.133125
17 0.389141 0.379437 0.034594 0.133125
17 0.283016 0.377354 0.034594 0.133125
17 0.274359 0.551354 0.034594 0.133125
17 0.382859 0.551375 0.034594 0.116417
17 0.498422 0.534604 0.034594 0.133125
17 0.602203 0.538771 0.034594 0.133125
17 0.602984 0.700188 0.034594 0.133125
17 0.488984 0.697063 0.034594 0.133125
17 0.381297 0.793417 0.034594 0.105667
17 0.275953 0.670854 0.034594 0.105708
17 0.272797 0.792458 0.034594 0.105667
17 0.383641 0.669813 0.034594 0.105708
