18 0.244078 0.279604 0.236344 0.250792
18 0.652766 0.253938 0.236344 0.250792
18 0.636016 0.553312 0.236344 0.250792
18 0.249016 0.569062 0.236344 0.250792
18 0.238172 0.829604 0.236344 0.194125
18 0.628141 0.843479 0.236344 0.194125
27 0.151000 0.280271 0.040375 0.223208
27 0.342562 0.294646 0.040375 0.223208
27 0.551344 0.263146 0.040375 0.223208
27 0.754188 0.261813 0.040375 0.223208
27 0.732531 0.570396 0.040375 0.223208
27 0.551344 0.553313 0.040375 0.223208
27 0.340594 0.578271 0.040375 0.223208
27 0.154469 0.571688 0.040375 0.223208
27 0.151500 0.825812 0.040375 0.182458
27 0.331719 0.829063 0.040375 0.182458
27 0.531641 0.834313 0.040406 0.182458
27 0.716781 0.842187 0.040375 0.182458
