18 0.335281 0.370375 0.140187 0.139583
18 0.556188 0.350229 0.140187 0.139625
18 0.562406 0.163292 0.140188 0.139583
18 0.331687 0.177500 0.140187 0.139583
18 0.552625 0.534729 0.140188 0.127792
18 0.552625 0.688583 0.140188 0.127750
18 0.330797 0.792625 0.129594 0.113417
18 0.334359 0.672000 0.129594 0.113417
27 0.279828 0.178729 0.031031 0.134875
27 0.389375 0.181062 0.031062 0.134875
27 0.508281 0.160938 0.031062 0.134875
27 0.620953 0.162104 0.031031 0.134875
27 0.612969 0.357312 0.031062 0.134875
27 0.503844 0.350229 0.031062 0.134875
27 0.392031 0.373896 0.031062 0.134875
27 0.283781 0.367979 0.031062 0.134875
27 0.274906 0.552521 0.031062 0.104125
18 0.332594 0.548979 0.140188 0.108958
27 0.384938 0.547812 0.031063 0.104125
27 0.497625 0.535896 0.031062 0.118458
27 0.600547 0.540729 0.031031 0.120625
27 0.500281 0.688542 0.031062 0.111250
27 0.385828 0.667292 0.031031 0.104083
27 0.286438 0.668479 0.031062 0.104125
27 0.279344 0.792687 0.029250 0.104125
27 0.386719 0.790313 0.031062 0.104125
27 0.603219 0.686792 0.031062 0.128917
